k   x1              x2              x3              max e           max e / last max e
--------------------------------------------------------------------------------------
1   1.416994755742  1.269274910227  0.967355782895  0.416994755742  0.416994755742    
2   0.878444935287  1.037728951912  0.988682864477  0.121555064713  0.291502622129    
3   0.994261670461  1.0036745328    0.999408407315  0.005738329539  0.047207654838    
4   0.999058359182  1.000312583478  0.999926387827  0.000941640818  0.164096678636    
5   0.99994835197   1.000024759879  0.99999584772   5.164803e-05    0.054848970586    
6   0.999994469556  1.000001876507  0.999999595789  5.530444e-06    0.10707947483     
7   0.999999682263  1.000000138006  0.999999976474  3.17737e-07     0.057452288747    
8   0.999999971048  1.000000009931  0.999999997958  2.8952e-08      0.091118107202    
9   0.999999998299  1.000000000703  0.999999999879  1.701e-09       0.058764747951    
10  0.999999999858  1.000000000049  0.99999999999   1.42e-10        0.083607398218    
