https://github.com/GreysonRCamp/numanal/blob/main/jacobi.py 

k   x1              x2              x3              max e           max e / last max e
--------------------------------------------------------------------------------------
1   1.333333333333  1.666666666667  1.333333333333  0.666666666667  0.666666666667    
2   0.777777777778  0.777777777778  0.777777777778  0.222222222222  0.333333333333    
3   1.074074074074  1.148148148148  1.074074074074  0.148148148148  0.666666666667    
4   0.950617283951  0.950617283951  0.950617283951  0.049382716049  0.333333333333    
5   1.01646090535   1.0329218107    1.01646090535   0.0329218107    0.666666666667    
6   0.9890260631    0.9890260631    0.9890260631    0.0109739369    0.333333333333    
7   1.003657978967  1.007315957933  1.003657978967  0.007315957933  0.666666666667    
8   0.997561347356  0.997561347356  0.997561347356  0.002438652644  0.333333333333    
9   1.000812884215  1.00162576843   1.000812884215  0.00162576843   0.666666666667    
10  0.99945807719   0.99945807719   0.99945807719   0.00054192281   0.333333333333    
