k   x1              x2              x3              max e           max e / last max e
--------------------------------------------------------------------------------------
1   1.333333333333  1.222222222222  0.925925925926  0.333333333333  0.333333333333    
2   0.925925925926  1.049382716049  0.98353909465   0.074074074074  0.222222222222    
3   0.98353909465   1.0109739369    0.996342021033  0.01646090535   0.222222222222    
4   0.996342021033  1.002438652644  0.999187115785  0.003657978967  0.222222222222    
5   0.999187115785  1.00054192281   0.999819359063  0.000812884215  0.222222222222    
6   0.999819359063  1.000120427291  0.99995985757   0.000180640937  0.222222222222    
7   0.99995985757   1.00002676162   0.99999107946   4.014243e-05    0.222222222223    
8   0.99999107946   1.000005947027  0.999998017658  8.92054e-06     0.222222222225    
9   0.999998017658  1.000001321561  0.99999955948   1.982342e-06    0.222222222218    
10  0.99999955948   1.00000029368   0.999999902107  4.4052e-07      0.222222222204    
